12.94 3.62
4.41 8.56
13.54 16.63
6.53 3.62
10.25 3.02
4.75 13.25
7.98 3.66
10.87 4.47
2.28 11.62
15.15 16.65
2.66 14.11
16.87 13.99
6.32 10.94
5.90 10.64
12.26 1.27
8.90 3.33
11.11 13.27
11.06 2.33
6.99 15.45
16.62 16.67
9.60 3.91
11.74 3.33
18.84 16.50
2.03 8.98
15.21 14.97
2.66 8.10
3.60 11.50
1.23 10.67
14.39 13.58
13.88 12.54
7.11 14.42
13.16 11.24
14.45 14.39
10.93 1.19
8.00 2.66
10.93 1.91
9.11 4.31
10.69 4.01
3.78 11.26
12.15 13.39
7.58 2.71
3.60 11.73
7.50 2.97
13.30 12.80
4.02 12.52
3.59 12.18
9.55 1.93
15.55 12.07
10.08 1.70
12.10 9.86
2.11 7.93
14.90 17.23
3.51 11.18
8.28 1.59
10.23 2.70
4.23 9.27
10.77 4.62
16.50 14.32
4.25 8.16
13.88 11.71
9.30 4.20
8.67 3.48
5.13 9.82
15.73 15.06
12.17 13.49
4.72 12.13
11.30 2.63
10.18 2.06
10.45 11.46
9.06 2.58
11.51 14.53
10.40 1.19
3.17 10.87
11.41 2.75
15.51 17.25
5.22 10.88
12.88 2.58
4.01 9.67
15.85 16.90
14.64 14.53
13.12 12.88
11.66 10.90
15.57 12.67
3.09 9.82
4.96 10.81
2.53 12.64
9.38 3.40
3.40 10.05
10.95 2.50
12.55 4.88
16.35 15.72
2.76 12.21
5.20 10.61
11.57 1.64
12.14 10.71
2.18 14.68
