0.745 14.385 1
0.394 5.016 0
0.384 7.246 1
0.574 9.450 1
0.603 8.198 0
0.541 8.347 1
0.904 10.703 0
0.523 6.935 0
1.023 14.243 0
0.620 8.421 0
0.857 11.575 0
0.838 13.992 1
1.179 15.938 0
0.850 13.725 1
0.835 8.192 0
0.976 10.322 0
0.686 12.816 1
0.417 6.809 1
1.043 16.644 1
0.529 8.077 1
1.044 19.904 1
0.455 8.500 1
0.639 5.926 0
0.398 6.817 1
0.552 8.339 1
0.550 10.542 1
0.455 7.152 1
0.463 4.788 0
0.454 8.683 1
0.828 10.825 0
0.790 14.520 1
0.516 5.787 0
0.617 7.870 0
0.423 7.723 1
0.858 9.977 0
0.475 8.302 1
0.815 7.864 0
0.903 11.901 0
0.570 7.655 0
1.062 17.525 1
0.667 6.714 0
0.565 8.749 1
0.617 9.539 1
0.928 16.720 1
0.959 16.634 1
0.681 8.818 0
0.940 10.094 0
0.848 8.164 0
0.474 4.721 0
0.833 7.247 0
1.067 11.838 0
0.861 9.467 0
0.923 16.665 1
0.814 13.610 1
0.905 16.706 1
0.999 16.593 1
0.804 15.287 1
0.696 10.524 1
0.984 11.214 0
0.358 6.572 1
1.100 17.736 1
0.748 8.805 0
0.995 19.012 1
0.489 4.374 0
0.979 16.502 1
0.868 16.005 1
1.090 10.169 0
0.358 6.195 1
0.960 11.662 0
0.474 6.096 0
1.100 14.488 0
0.583 6.277 0
0.618 11.126 1
1.249 13.577 0
0.423 8.093 1
0.558 6.818 0
0.531 8.702 1
0.656 5.958 0
0.488 8.754 1
0.956 17.625 1
0.586 8.297 0
0.570 5.048 0
0.490 8.185 1
0.832 15.251 1
0.905 7.858 0
1.073 18.935 1
0.591 5.840 0
0.361 5.991 1
0.909 12.050 0
0.469 4.783 0
0.647 10.476 1
0.999 13.243 0
0.534 7.537 0
0.470 5.889 0
0.582 10.043 1
0.381 4.726 0
0.406 3.437 0
0.420 6.815 1
0.385 6.376 1
0.532 6.499 0
